0.00059604644775391
0.00045490264892578
0.00040388107299805
0.00037479400634766
0.0003809928894043
0.00035786628723145
0.00042510032653809
0.00039482116699219
0.00037288665771484
0.00040912628173828
0.00077390670776367
0.00051689147949219
0.00048112869262695
0.00037217140197754
0.00034284591674805
0.00033688545227051
0.00034403800964355
0.00034904479980469
0.00034999847412109
0.0003509521484375
0.00040102005004883
0.00037217140197754
0.00035715103149414
0.00035905838012695
0.00034379959106445
0.00037884712219238
0.00032401084899902
0.00035500526428223
0.00044608116149902
0.00036907196044922
0.00038409233093262
0.00037717819213867
0.0003349781036377
0.00035285949707031
0.00032401084899902
0.00035309791564941
0.00031495094299316
0.00040197372436523
0.00033187866210938
0.00035405158996582
0.00031399726867676
0.00032711029052734
0.00031399726867676
0.00032496452331543
0.0003359317779541
0.00036907196044922
0.00036811828613281
0.00043702125549316
0.00033998489379883
0.00036883354187012
0.00038003921508789
0.00041818618774414
0.00037693977355957
0.00038695335388184
0.00034689903259277
0.00035595893859863
0.00033998489379883
0.0003669261932373
0.00034594535827637
0.00037097930908203
0.00035405158996582
0.00033402442932129
0.00036883354187012
0.00032901763916016
0.00033402442932129
0.00048613548278809
0.00034499168395996
0.00033807754516602
0.00041985511779785
0.00032806396484375
0.00032901763916016
0.00033187866210938
0.00039386749267578
0.00031399726867676
0.00036215782165527
0.00035810470581055
0.00036406517028809
0.00034403800964355
0.0003359317779541
0.00035691261291504
0.00035190582275391
0.00034904479980469
0.00036311149597168
0.00035691261291504
0.00038695335388184
0.00033211708068848
0.00034999847412109
0.0003960132598877
0.00039386749267578
0.00034213066101074
0.00035691261291504
0.00038790702819824
0.00040006637573242
0.00034117698669434
0.00036096572875977
0.00032711029052734
0.00032901763916016
0.00035595893859863
0.00034093856811523
0.00049996376037598
0.00046205520629883
0.00040793418884277
0.0003659725189209
0.0003359317779541
0.00038695335388184
0.00035595893859863
0.00036096572875977
0.00036478042602539
0.0003669261932373
0.00040197372436523
0.00033402442932129
0.0003809928894043
0.00035810470581055
0.00032901763916016
0.00037312507629395
0.00052213668823242
0.00040793418884277
0.00036907196044922
0.00036787986755371
0.00036001205444336
0.00033283233642578
0.00037384033203125
0.00041079521179199
0.0004119873046875
0.00033187866210938
0.00045204162597656
0.0004730224609375
0.00033092498779297
0.00036287307739258
0.00032615661621094
0.00046086311340332
0.0003809928894043
0.00035309791564941
0.00037407875061035
0.00040912628173828
0.00035715103149414
0.00037908554077148
0.00036191940307617
0.00031495094299316
0.0003199577331543
0.00033712387084961
0.00033783912658691
0.00033688545227051
0.00032901763916016
0.00033807754516602
0.00033807754516602
0.00031709671020508
0.00035881996154785
0.00039315223693848
0.00034713745117188
0.0004580020904541
0.00037002563476562
0.0003960132598877
0.00034403800964355
0.00032520294189453
0.00056290626525879
0.00038504600524902
0.00038290023803711
0.00036191940307617
0.00034403800964355
0.00053095817565918
0.00060200691223145
0.00041890144348145
0.00052905082702637
0.00036811828613281
0.00048089027404785
0.00032496452331543
0.00079202651977539
0.00051403045654297
0.00042295455932617
0.00034499168395996
0.00047779083251953
0.00040411949157715
0.00045514106750488
0.00045013427734375
0.00034499168395996
0.00045084953308105
0.00038695335388184
0.00068211555480957
0.00039291381835938
0.00040698051452637
0.00055599212646484
0.00034403800964355
0.00036215782165527
0.00052785873413086
0.00036287307739258
0.00034999847412109
0.00048589706420898
0.00054812431335449
0.00053000450134277
0.00044989585876465
0.00037288665771484
0.00037598609924316
0.00036096572875977
0.00036382675170898
0.00032496452331543
0.00035500526428223
0.00039005279541016
0.00038695335388184
0.00038290023803711
0.0004279613494873
0.00039792060852051
0.00033211708068848
0.00040888786315918
0.00034093856811523
0.00032401084899902
0.00046610832214355
0.00038290023803711
0.00064301490783691
0.00047898292541504
0.0003969669342041
0.00045895576477051
0.00035691261291504
0.00051307678222656
0.00051093101501465
0.00047993659973145
0.00044107437133789
0.00048398971557617
0.0004570484161377
0.00033903121948242
0.00044393539428711
0.00056099891662598
0.00032806396484375
0.00043487548828125
0.00038695335388184
0.00046205520629883
0.00034785270690918
0.00043892860412598
0.00032806396484375
0.00039982795715332
0.00041890144348145
0.00039482116699219
0.00032806396484375
0.00041580200195312
0.00032782554626465
0.00038003921508789
0.00032591819763184
0.00043392181396484
0.00071907043457031
0.00053000450134277
0.0004580020904541
0.00044989585876465
0.00054287910461426
0.00053501129150391
0.0004730224609375
0.00068402290344238
0.00060391426086426
0.00064396858215332
0.00057220458984375
0.00046610832214355
0.00060415267944336
0.00055098533630371
0.00086617469787598
0.0004730224609375
0.00043010711669922
0.0005638599395752
0.00064587593078613
0.00036311149597168
0.00032281875610352
0.00051999092102051
0.00033116340637207
0.00032806396484375
0.0003199577331543
0.00038504600524902
0.00061202049255371
0.0003669261932373
0.00045609474182129
0.00055813789367676
0.0003199577331543
0.00076818466186523
0.00047397613525391
0.0004580020904541
0.00041103363037109
0.0003359317779541
0.00045108795166016
0.00033688545227051
0.00049901008605957
0.00047707557678223
0.00032305717468262
0.00051212310791016
0.00054097175598145
0.0005190372467041
0.00032687187194824
0.00049400329589844
0.00049495697021484
0.00055503845214844
0.00032711029052734
0.00057697296142578
0.00045919418334961
0.00039887428283691
0.00037193298339844
0.00034999847412109
0.0003201961517334
0.00040888786315918
0.00040102005004883
0.00049805641174316
0.00037312507629395
0.00035405158996582
0.00034093856811523
0.00032591819763184
0.00036811828613281
0.00036215782165527
0.00033211708068848
0.00048112869262695
0.00036215782165527
0.00057792663574219
0.00045299530029297
0.00046801567077637
0.00052094459533691
0.0004570484161377
0.00046110153198242
0.00032615661621094
0.00033688545227051
0.00057101249694824
0.00034880638122559
0.00041103363037109
0.00034809112548828
0.00032401084899902
0.00035190582275391
0.00033092498779297
0.00036406517028809
0.00034499168395996
0.00034403800964355
0.00049805641174316
0.00038290023803711
0.00049710273742676
0.0004880428314209
0.0003359317779541
0.00051093101501465
0.0003359317779541
0.00038695335388184
0.00032711029052734
0.0005650520324707
0.0005030632019043
0.0003809928894043
0.00041103363037109
0.00057387351989746
0.00045514106750488
0.00059390068054199
0.00035285949707031
0.00039100646972656
0.00032496452331543
0.00032186508178711
0.00037693977355957
0.00051689147949219
0.00032711029052734
0.0003969669342041
0.00043392181396484
0.0005028247833252
0.00032901763916016
0.0006721019744873
0.00052094459533691
0.00048613548278809
0.00038695335388184
0.00045108795166016
0.00052881240844727
0.00067496299743652
0.00036501884460449
0.0006721019744873
0.00049901008605957
0.00036120414733887
0.00048112869262695
0.00035881996154785
0.00050806999206543
0.00064396858215332
0.00033187866210938
0.00033712387084961
0.0003659725189209
0.00052690505981445
0.00043606758117676
0.00057315826416016
0.00047898292541504
0.00034904479980469
0.00041103363037109
0.00050187110900879
0.00066804885864258
0.00044798851013184
0.00054502487182617
0.00060606002807617
0.00061607360839844
0.00045895576477051
0.00045990943908691
0.0005190372467041
0.00046205520629883
0.00040507316589355
0.00042414665222168
0.00046992301940918
0.00065493583679199
0.00041413307189941
0.00059986114501953
0.00046682357788086
0.00056219100952148
0.0006709098815918
0.00033402442932129
0.00036978721618652
0.00048112869262695
0.00032591819763184
0.00034499168395996
0.00048208236694336
0.00044918060302734
0.00046205520629883
0.00038003921508789
0.00057792663574219
0.00039887428283691
0.00045490264892578
0.00058507919311523
0.0006709098815918
0.00053000450134277
0.00066208839416504
0.00062990188598633
0.00044798851013184
0.00065493583679199
0.00049996376037598
0.00052094459533691
0.00060701370239258
0.00047993659973145
0.00046801567077637
0.0004570484161377
0.00045299530029297
0.00046396255493164
0.0003960132598877
0.00046205520629883
0.00044918060302734
0.00037503242492676
0.0005800724029541
0.00065493583679199
0.0004880428314209
0.00047898292541504
0.00045299530029297
0.00045108795166016
0.00063800811767578
0.00062799453735352
0.00037789344787598
0.00035619735717773
0.00035810470581055
0.00036001205444336
0.00034022331237793
0.0003669261932373
0.00037217140197754
0.0003359317779541
0.00052213668823242
0.00032210350036621
0.00035500526428223
0.00036120414733887
0.00038790702819824
0.0003960132598877
0.00055503845214844
0.00077700614929199
0.00059890747070312
0.00064706802368164
0.00038480758666992
0.00046110153198242
0.00045299530029297
0.00053787231445312
0.00053691864013672
0.00043797492980957
0.00047588348388672
0.00049901008605957
0.00048494338989258
0.00056004524230957
0.00057506561279297
0.00043511390686035
0.00056004524230957
0.00067901611328125
0.00054216384887695
0.00068211555480957
0.00070500373840332
0.00081586837768555
0.00082612037658691
0.00065112113952637
0.00047087669372559
0.0004580020904541
0.00045895576477051
0.00050783157348633
0.00058293342590332
0.00051498413085938
0.00047802925109863
0.00053119659423828
0.00053691864013672
0.00065517425537109
0.00049901008605957
0.00065398216247559
0.00049901008605957
0.0007779598236084
0.00066995620727539
0.00046801567077637
0.00045895576477051
0.0004730224609375
0.00050187110900879
0.0006108283996582
0.00045084953308105
0.00068402290344238
0.00046586990356445
0.00068283081054688
0.00047397613525391
0.00065803527832031
0.00047492980957031
0.0006101131439209
0.00052404403686523
0.00084280967712402
0.00051498413085938
0.00051784515380859
0.00047993659973145
0.00047993659973145
0.00052404403686523
0.00051712989807129
0.00062704086303711
0.00048112869262695
0.00051403045654297
0.00048494338989258
0.00048017501831055
0.00051212310791016
0.00050091743469238
0.00057101249694824
0.00061488151550293
0.00082898139953613
0.00057697296142578
0.00047588348388672
0.00064802169799805
0.00069499015808105
0.0004429817199707
0.00081110000610352
0.0007169246673584
0.00048398971557617
0.0007789134979248
0.00068998336791992
0.00052404403686523
0.00082111358642578
0.00049805641174316
0.00081205368041992
0.00052618980407715
0.00046396255493164
0.00051689147949219
0.00056195259094238
0.00043821334838867
0.00043797492980957
0.00042891502380371
0.00044512748718262
0.00054192543029785
0.00054383277893066
0.00051784515380859
0.00059795379638672
0.0004429817199707
0.00055408477783203
0.00059700012207031
0.00047206878662109
0.00041985511779785
0.00056195259094238
0.00068807601928711
0.00049710273742676
0.00041794776916504
0.00059986114501953
0.00080490112304688
0.00064301490783691
0.00043606758117676
0.00053691864013672
0.00055193901062012
0.00052380561828613
0.00037002563476562
0.00054788589477539
0.00042200088500977
0.00049901008605957
0.00047206878662109
0.00044798851013184
0.00039291381835938
0.00039792060852051
0.00034499168395996
0.00033402442932129
0.00033807754516602
0.0003349781036377
0.00041794776916504
0.00043892860412598
0.00036287307739258
0.00043821334838867
0.00034999847412109
0.00037002563476562
0.00034499168395996
0.00044107437133789
0.0005800724029541
0.00040197372436523
0.0003821849822998
0.0004570484161377
0.00059890747070312
0.00049781799316406
0.00058507919311523
0.0057110786437988
0.0047008991241455
0.00054597854614258
0.00056219100952148
0.0004270076751709
0.00046110153198242
0.00042414665222168
0.00044107437133789
0.00065112113952637
0.00066709518432617
0.00047707557678223
0.0004889965057373
0.00043916702270508
0.00045990943908691
0.00034499168395996
0.00066018104553223
0.00056004524230957
0.00048708915710449
0.00043201446533203
0.00056099891662598
0.0004270076751709
0.00033307075500488
0.00034308433532715
0.00043582916259766
0.00043582916259766
0.00057315826416016
0.00063014030456543
0.0004420280456543
0.00039482116699219
0.00045084953308105
0.00059103965759277
0.0003209114074707
0.0003821849822998
0.00032496452331543
0.0004889965057373
0.00061678886413574
0.00057005882263184
0.00037002563476562
0.00054407119750977
0.00040507316589355
0.00053691864013672
0.00037789344787598
0.00040197372436523
0.00033283233642578
0.00039100646972656
0.00040388107299805
0.00066399574279785
0.00075197219848633
0.00044488906860352
0.00045108795166016
0.00035905838012695
0.00037384033203125
0.00083208084106445
0.00050187110900879
0.00070309638977051
0.00052380561828613
0.00070095062255859
0.00037622451782227
0.00064921379089355
0.00037813186645508
0.00060415267944336
0.0007929801940918
0.00053095817565918
0.00073003768920898
0.00043296813964844
0.00045490264892578
0.00035715103149414
0.00049495697021484
0.00049209594726562
0.00052213668823242
0.00051999092102051
0.00048089027404785
0.00032901763916016
0.00050091743469238
0.00036311149597168
0.00034785270690918
0.00070405006408691
0.00041604042053223
0.00056600570678711
0.00049209594726562
0.00044703483581543
0.00041985511779785
0.00034809112548828
0.00048303604125977
0.00035905838012695
0.00051784515380859
0.00037002563476562
0.00054121017456055
0.00035309791564941
0.00034809112548828
0.00033211708068848
0.00036978721618652
0.00034403800964355
0.00032711029052734
0.00032901763916016
0.00053977966308594
0.00044703483581543
0.9609260559082
0.00046706199645996
0.00048422813415527
0.00046110153198242
0.00033998489379883
0.00046300888061523
0.00048303604125977
0.00035905838012695
0.00051999092102051
0.00050497055053711
0.00035786628723145
0.00039386749267578
0.00032997131347656
0.0003960132598877
0.0003809928894043
0.00034213066101074
0.00056099891662598
0.00041007995605469
0.0003659725189209
0.00036311149597168
0.00038290023803711
0.00041699409484863
0.00033807754516602
0.00033402442932129
0.0005791187286377
0.00033807754516602
0.00032401084899902
0.00033402442932129
0.00032186508178711
0.00039100646972656
0.00034809112548828
0.00045418739318848
0.00040102005004883
0.00043320655822754
0.00072717666625977
0.00075316429138184
0.00048685073852539
0.00041699409484863
0.00046086311340332
0.00042486190795898
0.00038695335388184
0.00038290023803711
0.00050997734069824
0.00046992301940918
0.00035500526428223
0.0005638599395752
0.00040197372436523
0.00034999847412109
0.9419219493866
0.00036406517028809
0.00037002563476562
0.00037288665771484
0.00037097930908203
0.00036215782165527
0.00034689903259277
0.00032901763916016
0.00040698051452637
0.0003352165222168
0.00033307075500488
0.0003960132598877
0.00042986869812012
0.00037312507629395
0.00041317939758301
0.00032997131347656
0.00036001205444336
0.00035691261291504
0.00034117698669434
0.00033402442932129
0.00030994415283203
0.00033688545227051
0.00035190582275391
0.00036406517028809
0.00033283233642578
0.00036501884460449
0.0003509521484375
0.00033998489379883
0.00036191940307617
0.00033879280090332
0.00031685829162598
0.00035619735717773
0.00034785270690918
0.00041294097900391
0.00035715103149414
0.00035381317138672
0.00033807754516602
0.00032591819763184
0.00034308433532715
0.00034594535827637
0.00033092498779297
0.00032591819763184
0.00034809112548828
0.00032496452331543
0.00032997131347656
0.0003809928894043
0.00033783912658691
0.00034499168395996
0.0003349781036377
0.00036311149597168
0.00036096572875977
0.00039386749267578
0.00036096572875977
0.00036406517028809
0.00037384033203125
0.00033283233642578
0.00030899047851562
0.00030899047851562
0.0005028247833252
0.0003209114074707
0.00046205520629883
0.00038385391235352
0.00048303604125977
0.00058293342590332
0.00038313865661621
0.00040292739868164
0.00033903121948242
0.00049209594726562
0.00041389465332031
0.00033783912658691
0.00044989585876465
0.00068306922912598
0.00057601928710938
0.00063896179199219
0.00040078163146973
0.00038409233093262
0.00037503242492676
0.00047087669372559
0.00045013427734375
0.00049209594726562
0.00045180320739746
0.00045490264892578
0.00039291381835938
0.00036215782165527
0.00038790702819824
0.00055694580078125
0.00045895576477051
0.00047588348388672
0.00038313865661621
0.00032806396484375
0.00031399726867676
0.00031399726867676
0.00043702125549316
0.00039291381835938
0.00048089027404785
0.00037002563476562
0.00047111511230469
0.00045013427734375
0.00037789344787598
0.00037097930908203
0.00039005279541016
0.00040411949157715
0.0003359317779541
0.00033807754516602
0.00033712387084961
0.00034308433532715
0.00037789344787598
0.00033283233642578
0.00032591819763184
0.00033211708068848
0.00033998489379883
0.00033307075500488
0.00032210350036621
0.00034809112548828
0.00033879280090332
0.00047397613525391
0.00044703483581543
0.00055503845214844
0.00039887428283691
0.00034308433532715
0.00034093856811523
0.00050520896911621
0.00037789344787598
0.00043296813964844
0.00048303604125977
0.00035381317138672
0.00041389465332031
0.00035905838012695
0.00035285949707031
0.00044679641723633
0.00036907196044922
0.00034689903259277
0.00058698654174805
0.00047516822814941
0.00033998489379883
0.00045609474182129
0.00052690505981445
0.00037789344787598
0.00036096572875977
0.00032901763916016
0.00046396255493164
0.00042414665222168
0.00042295455932617
0.00038313865661621
0.00051307678222656
0.00052714347839355
0.0003819465637207
0.00040102005004883
0.00042295455932617
0.0003659725189209
0.00045680999755859
0.00033712387084961
0.00043606758117676
0.00045013427734375
0.00040912628173828
0.00034213066101074
0.0003509521484375
0.00034403800964355
0.0003969669342041
0.00034785270690918
0.00032210350036621
0.00036215782165527
0.00046396255493164
0.00049805641174316
0.00043582916259766
0.00034904479980469
0.00044798851013184
0.00041294097900391
0.00047922134399414
0.00050997734069824
0.00052881240844727
0.00046110153198242
0.00050902366638184
0.00037384033203125
0.00049209594726562
0.00045895576477051
0.00040984153747559
0.00036001205444336
0.00038313865661621
0.00035905838012695
0.00037503242492676
0.00036478042602539
0.0003659725189209
0.00064778327941895
0.00051617622375488
0.00046396255493164
0.00037908554077148
0.00050592422485352
0.00033998489379883
0.00052285194396973
0.0004429817199707
0.00046086311340332
0.00037217140197754
0.00034999847412109
0.00036311149597168
0.00039315223693848
0.00035595893859863
0.00037193298339844
0.00036191940307617
0.00034308433532715
0.00037312507629395
0.00033783912658691
0.00034213066101074
0.00038909912109375
0.00035595893859863
0.00034809112548828
0.00036096572875977
0.00037908554077148
0.00035214424133301
0.00034403800964355
0.00036287307739258
0.00036120414733887
0.00038599967956543
0.00036501884460449
0.0003969669342041
0.0003669261932373
0.00036096572875977
0.00032806396484375
0.00034594535827637
0.00033998489379883
0.00050997734069824
0.00039792060852051
0.0003960132598877
0.00038719177246094
0.00043106079101562
0.00041103363037109
0.00043606758117676
0.00041007995605469
0.0003509521484375
0.00040602684020996
0.00041913986206055
0.00043511390686035
0.00037407875061035
0.00037002563476562
0.00038313865661621
0.00035595893859863
0.00035595893859863
0.00063395500183105
0.00060701370239258
0.00039887428283691
0.00047898292541504
0.0003972053527832
0.00037622451782227
0.00064301490783691
0.00072193145751953
0.0005650520324707
0.00053000450134277
0.00055098533630371
0.00050783157348633
0.00059199333190918
0.00044083595275879
0.00048494338989258
0.00049591064453125
0.0005650520324707
0.0004570484161377
0.00048398971557617
0.00045609474182129
0.00070309638977051
0.00050115585327148
0.00047516822814941
0.00039291381835938
0.00049281120300293
0.00043106079101562
0.00058889389038086
0.0006251335144043
0.00037407875061035
0.00061202049255371
0.0004580020904541
0.00045609474182129
0.00044894218444824
0.00057387351989746
0.043920993804932
0.037451028823853
0.029030084609985
0.0059988498687744
0.0011692047119141
0.0083398818969727
0.0055270195007324
0.020447015762329
0.0080409049987793
0.00072193145751953
0.00069499015808105
0.00057315826416016
0.00089693069458008
0.0021710395812988
0.0017068386077881
